2262
2820
3210
3482
2754
2220
1536
2022
3104
2980
2070
2148
2230
2004
2040
1964
1482
2634
3258
1360
2294
1948
1958
1762
1586
2898
2228
1728
2208
2032
2514
2966
1648
3066
2434
1696
3214
1650
2736
1878
1914
2460
2308
2160
2208
3114
1828
3034
2724
2496
2848
2704
1546
1626
2712
1356
2520
2178
2290
1918
2558
1758
1886
3198
1528
2076
1572
3604
2778
2808
1614
1858
2082
2154
2282
2202
1528
2700
2496
2850
2628
1410
2670
2690
2920
1872
2256
2910
2566
1698
1982
3660
2382
1886
2630
1480
2018
1536
1350
2970
3048
3390
3674
3030
2418
2040
2256
3608
3280
2556
2460
2842
2262
2598
2240
1728
3234
3478
1600
2924
2452
2192
2434
1832
3222
2786
1962
2694
2278
3144
3548
1798
3414
3064
1972
3440
2136
2886
2124
2178
2946
2782
2394
2310
3564
2104
3214
3198
2928
3172
3052
1828
2256
3126
1614
2736
2574
2548
2410
3140
1938
2120
3418
1996
2310
2130
4231
2988
3042
2136
2122
2358
2784
2558
2478
1822
3234
2832
3492
2904
1896
2874
2870
3142
2430
2814
3354
2842
1932
2558
3768
3024
2372
2906
1630
2246
1812
1500
3639
3207
4017
4247
3705
3165
2481
2967
4049
4021
3015
3093
3271
2949
2985
2981
2427
3717
4263
2305
3239
2893
2903
3085
2531
3939
3173
2673
3153
2977
3459
4223
2593
4045
3379
2641
4171
2595
3681
2823
2859
3387
3223
3105
3153
4113
2773
3979
3651
3441
3889
3835
2491
2571
3657
2301
3465
3123
3235
3157
3839
2703
2831
4167
2473
3021
2517
4279
3399
3753
2559
2803
3267
3099
3131
3357
2473
3675
3243
4161
3555
2355
3615
3635
3865
2817
3201
3921
3481
2643
2927
4435
3693
2831
3575
2425
2963
2481
2295
3531
3489
3771
4155
3735
3129
2697
2859
3907
3799
3231
3159
3319
2859
3255
3029
2325
3777
3808
2197
3473
3109
3083
3007
2429
3813
3443
2835
3279
2965
3801
3983
2467
4045
3721
2569
3732
2613
3615
2721
2775
3561
3421
3267
3069
4143
2851
3799
3795
3417
3847
3743
2425
2913
3633
2211
3357
3261
3259
3091
3803
2667
2723
4049
2617
3183
2787
4084
3795
3759
2793
2719
3147
3441
3299
3237
2419
3831
3429
3869
3693
2571
3543
3599
3673
3087
3471
3901
3613
2535
3215
4106
3495
3047
3653
2299
2945
2409
2079
4104
3858
4224
3987
4182
3582
3006
3222
4354
4282
3522
3612
3748
3228
3564
3236
2694
3771
4137
2566
3890
3418
3158
2932
2798
4308
3752
2928
3660
3442
4110
3904
2764
4378
4030
2938
4075
3102
4080
3090
3144
3414
3688
3360
3516
4068
3286
4258
3666
3894
4216
4102
2794
3222
4092
2580
3816
3726
3712
3544
4076
3102
3086
4440
2962
3276
3096
3824
3723
3996
3102
3088
3594
3750
3716
3684
2788
3819
3327
4046
4128
2862
3828
4034
4162
3396
3780
3982
3844
2898
3524
3852
4032
3338
4100
2596
3410
2778
2466
3444
3378
3738
3858
4076
3138
2364
2850
3948
3784
3006
3084
3394
2796
2868
2792
2274
3492
3665
2152
3410
2776
2786
2890
2378
3720
3056
2556
3144
2968
3630
4016
2440
3934
3550
2578
4116
2586
3600
2670
2706
3528
3334
2988
3024
4098
2674
3796
3780
3414
3664
3640
2434
2742
3612
2148
3456
3114
3208
2956
3596
2694
2714
3982
2428
2904
2400
4057
3570
3744
2442
2650
3096
3270
3212
3186
2428
3804
3072
3966
3624
2346
3606
3626
3820
2700
3084
3894
3382
2526
2810
3981
3498
2822
3476
2272
2954
2418
2142
2403
2307
2865
2967
3185
2799
1581
2067
3149
3025
2115
2193
2275
2049
2085
2009
1527
2679
3123
1405
2339
1993
2003
1807
1631
2943
2273
1773
2253
2077
2559
3011
1693
3111
2479
1741
3259
1695
2781
1923
1959
2505
2353
2205
2253
3159
1873
3079
2769
2541
2893
2749
1591
1671
2757
1401
2565
2223
2335
1963
2603
1803
1931
3243
1573
2121
1617
3307
2607
2853
1659
1903
2127
2199
2327
2247
1573
2745
2325
2895
2673
1455
2715
2735
2965
1917
2301
2955
2611
1743
2027
3417
2427
1931
2675
1525
2063
1581
1395
1377
1281
1839
1941
2159
1773
1239
1041
2123
1999
1089
1167
1249
1023
1059
983
501
1653
2097
379
1313
967
977
781
605
1917
1247
747
1227
1051
1533
1985
667
2085
1453
715
2233
669
1755
897
933
1479
1327
1179
1227
2133
847
2053
1743
1515
1867
1723
565
645
1731
375
1539
1197
1309
937
1577
777
905
2217
547
1095
591
2425
1581
1827
633
877
1101
1173
1301
1221
547
1719
1299
1869
1647
429
1689
1709
1939
891
1275
1929
1585
717
1001
2313
1401
905
1649
499
1037
555
369
2310
2010
2568
2946
3062
2670
1968
1284
3044
2920
1818
1896
2200
1752
1788
1880
1230
2586
3030
1108
2042
1696
1706
1726
1334
2838
1976
1476
1956
1780
2262
2930
1396
3006
2182
1444
3166
1398
2484
1626
1662
2412
2248
1908
1956
3078
1576
2782
2676
2244
2788
2644
1294
1374
2460
1104
2268
1926
2038
1858
2510
1506
1634
3162
1276
1824
1320
3214
2334
2556
1362
1606
1998
1902
2198
2118
1276
2652
2052
2802
2544
1158
2418
2438
2668
1620
2004
2874
2482
1446
1730
3438
2334
1634
2378
1228
1766
1284
1098
3849
3813
4083
4281
4461
4059
3441
2763
3249
4357
3441
3519
3775
3183
3267
3335
2661
4101
3917
2539
3845
3175
3185
3313
2765
4149
3455
2955
3579
3403
4065
4319
2827
4381
3985
2971
4375
3021
3909
3057
3183
3879
3733
3387
3345
4467
3157
4117
4101
3831
4255
3961
2833
3177
4047
2535
3891
3615
3571
3295
4139
2961
3113
4351
2821
3303
2799
4000
4119
4179
2841
3127
3405
3705
3575
3525
2821
4155
3747
4353
3987
2781
3927
3893
4255
3099
3483
4225
3919
2925
3479
4313
3819
3257
3923
2659
3389
2811
2529
4047
3717
3957
4263
4569
3915
3549
2613
3099
4327
3363
3357
3823
3105
3405
3317
2577
4083
3808
2365
3749
3025
3035
3169
2681
4347
3593
2805
3501
3325
3969
4559
2653
4285
3889
2815
4291
2943
4047
2973
3027
3849
3661
3237
3483
4467
3049
4327
4101
3735
4267
4171
2677
3081
3951
2457
3861
3489
3457
3289
4055
3087
2963
4285
2833
3153
2937
4076
4005
4065
2961
2971
3561
3609
3449
3651
2665
4137
3651
4271
3873
2703
3909
4019
4219
3237
3621
4291
3817
2775
3383
4147
4011
3179
4067
2485
3365
2655
2355
2322
2082
2640
2874
3158
2550
2040
1356
1842
3068
2944
1968
2194
1824
1860
1760
1302
2610
2934
1180
2114
1768
1778
1738
1406
2850
2048
1548
2028
1852
2334
2942
1468
3018
2254
1516
3190
1470
2556
1698
1734
2436
2272
1980
2028
3090
1648
2854
2688
2316
2812
2656
1366
1446
2532
1176
2340
1998
2110
1870
2522
1578
1706
3174
1348
1896
1392
3280
2454
2628
1434
1678
1878
1974
2090
2010
1348
2676
2172
2826
2424
1230
2490
2510
2740
1692
2076
2886
2374
1518
1802
3336
2358
1706
2450
1300
1838
1356
1170
2823
2595
2775
3231
3563
2787
2151
1545
2031
3327
3025
2223
2695
1965
2049
1997
1443
2883
3461
1321
2627
1957
1967
2257
1547
2949
2237
1737
2361
2185
2847
3389
1609
3129
2767
1753
3425
1803
2619
1839
1965
2871
2695
2169
2055
3471
1861
2929
3123
2613
2923
2767
1615
1959
2829
1317
2673
2289
2263
1975
3065
1671
1895
3385
1603
2085
1581
3469
2913
2961
1623
1909
2115
2487
2315
2235
1603
3147
2583
3315
2661
1563
2601
2603
3037
1881
2265
3267
2599
1707
2261
3489
2847
2039
2663
1441
2171
1593
1311
2298
2070
2628
2832
3128
2538
2028
1344
1830
3032
2908
1878
1956
1812
1848
1748
1290
2574
3168
1168
2102
1756
1766
1714
1394
2826
2036
1536
2016
1840
2322
2918
1456
2994
2242
1504
3154
1458
2544
1686
1722
2400
2236
1968
2016
3066
1636
2842
2664
2304
2776
2632
1354
1434
2520
1164
2328
1986
2098
1846
2498
1566
1694
3150
1336
1884
1380
3274
2508
2616
1422
1666
1866
1962
2078
1998
1336
2640
2226
2790
2412
1218
2478
2498
2728
1680
2064
2862
2362
1506
1790
3294
2322
1694
2438
1288
1826
1344
1158
2598
2451
2697
2808
2994
2667
2067
1689
1887
2924
2746
2223
2127
2356
2247
1931
1359
2610
2842
1225
2591
2101
2093
1840
1463
2859
2435
1593
2361
1897
2811
2852
1417
3051
2731
1597
3098
1563
2535
1755
1809
2394
2260
2025
1959
2994
1675
2851
2628
2367
2830
2689
1459
1923
2793
1239
2385
2211
2185
2059
2600
1575
1751
2962
1627
1941
1779
3466
2562
2679
1803
1753
2277
2451
2063
2367
1447
2682
2196
2774
2487
1563
2511
2507
2791
2079
2463
2782
2431
1563
2225
3410
2364
2039
2783
1249
1883
1437
1119
2133
2037
2595
2697
2915
2529
1995
1311
1797
2879
2755
1845
1923
2005
1779
1739
1257
2409
2853
1135
2069
1723
1733
1537
1361
2673
2003
1503
1983
1807
2289
2741
1423
2841
2209
1471
2989
1425
2511
1653
1689
2235
2083
1935
1983
2889
1603
2809
2499
2271
2623
2479
1321
1401
2487
1131
2295
1953
2065
1693
2333
1533
1661
2973
1303
1851
1347
3091
2277
2583
1389
1633
1857
1929
2057
1977
1303
2475
1995
2625
2403
1185
2445
2465
2695
1647
2031
2685
2341
1473
1757
3147
2157
1661
2405
1255
1793
1311
1125
1953
1851
2409
2667
2915
2397
1809
1125
1611
2711
2587
1659
1737
1993
1593
1629
1071
2223
2787
949
1883
1537
1547
1339
1175
2511
1817
1317
1797
1621
2103
2543
1237
2679
2023
1285
2803
1239
2325
1467
1503
2049
1915
1749
1797
2691
1417
2623
2319
2085
2455
2317
1135
1215
2301
945
2109
1767
1879
1531
2153
1347
1475
2775
1117
1665
1161
3133
2073
2397
1203
1447
1725
1743
1853
1773
1117
2289
1779
2439
2271
999
2259
2279
2509
1461
1845
2487
2137
1287
1571
3141
1971
1475
2219
1069
1607
1125
939
1506
1200
1758
1794
2102
1692
1158
474
960
2042
1918
1008
1086
1378
942
978
902
1632
1854
298
1232
886
896
952
524
1836
1166
666
1146
970
1452
2138
586
2004
1372
634
2086
588
1674
816
852
1332
1246
1098
1146
2028
766
1972
1584
1434
1786
1642
484
564
1650
294
1458
1116
1228
856
1706
696
824
2094
466
1014
510
2266
1344
1746
552
796
1020
1092
1220
1140
466
1620
1110
2028
1566
348
1608
1628
1858
810
1194
1848
1504
636
920
2436
1560
824
1568
418
956
474
288
2946
2640
3198
3360
3650
3144
2598
1914
2400
3470
3304
2448
2526
2800
2382
2418
2354
1860
3380
1738
2672
2326
2336
2464
1964
3228
2606
2106
2586
2410
2892
3602
2026
3424
2812
2074
3562
2028
3114
2256
2292
3006
2722
2538
2586
3492
2206
3412
3150
2874
3172
3172
1924
2004
3090
1734
2898
2556
2668
2476
3146
2136
2264
3558
1906
2454
1950
3640
2934
3186
1992
2236
2472
2532
2672
2592
1906
3264
2652
3450
3018
1788
3048
3068
3298
2250
2634
3300
2956
2076
2360
3790
2934
2264
3008
1858
2396
1914
1728
3934
4048
4434
4025
4231
4336
3690
3342
3648
4202
4142
3888
3798
4096
3720
3936
3488
3150
4017
2998
3946
3724
3812
3682
3254
4074
4100
3534
4176
3730
4136
4206
3238
4072
4246
3460
4174
3444
4226
3546
3648
4262
4046
3960
3642
4096
3634
4052
4031
4008
4058
4350
3340
3444
4244
3072
3990
3822
3790
3354
3864
3390
3578
4072
3532
3888
3444
4008
4306
4166
3456
3592
3870
4026
3986
4014
3370
3958
3360
4126
4186
3168
4152
4262
4358
3672
4012
4319
4222
3390
3836
3981
4226
3536
4162
3070
3650
3300
2658
1113
1017
1575
1821
2051
1473
975
291
777
1865
1741
825
903
985
759
795
683
237
1377
1935
1049
703
713
499
341
1671
983
483
963
787
1269
1703
403
1839
1189
451
1957
405
1491
633
669
1203
1069
915
963
1851
583
1789
1479
1251
1609
1477
301
381
1467
111
1275
933
1045
691
1313
513
641
1935
283
831
327
2281
1221
1563
369
613
801
909
1019
939
283
1443
927
1593
1347
165
1425
1445
1675
627
1011
1647
1303
453
737
2277
1125
641
1385
235
773
291
105
3174
2922
3222
3408
3684
3060
2580
2178
2340
3358
3250
2712
2622
2950
2340
2736
2444
1806
3240
3919
1678
2590
2564
2344
1910
3264
2924
2316
2730
2398
3282
3704
1948
3508
3202
2050
3939
2046
3078
2202
2256
3024
2788
2748
2502
3624
2188
3232
3258
2868
3298
3206
1906
2394
3096
1692
2808
2724
2722
2554
3254
2100
2204
3562
2098
2664
2268
4045
3162
3180
2274
2200
2706
2922
2606
2826
1900
3294
2778
3510
3030
2052
2994
3032
3136
2568
2952
3448
2962
2016
2696
4087
3174
2528
3224
1780
2396
1890
1560
1995
1899
2457
2571
2777
2391
1857
1173
1659
2741
2617
1707
1785
1867
1641
1677
1601
1119
2271
2727
997
1931
1595
1609
1223
2535
1865
1365
1845
1669
2151
2813
1285
2703
2071
1333
2851
1287
2373
1515
1551
2097
1945
1797
1845
2715
1465
2671
2361
2133
2485
2341
1183
1263
2349
993
2157
1815
1927
1555
2195
1395
1523
2781
1165
1713
1209
2923
2229
2445
1251
1495
1719
1791
1919
1839
1165
2337
1929
2487
2265
1047
2307
2327
2557
1509
1893
2535
2203
1335
1619
3123
2019
1523
2267
1117
1655
1173
987
2178
1914
2472
2712
3020
2382
1872
1188
1674
2912
2788
1722
1800
2050
1656
1692
1592
1134
2454
3060
1012
1946
1600
1594
1238
2706
1880
1380
1860
1684
2166
2798
1300
2874
2086
1348
3034
1302
2388
1530
1566
2280
2116
1812
1860
2946
1480
2686
2544
2148
2656
2512
1198
1278
2364
1008
2172
1830
1942
1726
2378
1410
1538
3030
1180
1728
1224
3184
2388
2460
1266
1510
1710
1806
1922
1842
1180
2520
2106
2670
2256
1062
2322
2342
2572
1524
1908
2742
2206
1350
1634
3174
2202
1538
2282
1132
1670
1188
1002
1524
1296
1854
2328
2600
1764
1254
570
1056
2258
2134
1104
1182
1396
1038
1074
974
516
1800
2376
394
1328
982
992
620
2052
1262
762
1242
1066
1548
2144
682
2220
1468
730
2380
684
1770
912
948
1626
1462
1194
1242
2292
862
2068
1890
1530
2002
1858
580
660
1746
390
1554
1212
1324
1072
1724
792
920
2376
562
1110
606
2740
1896
1842
648
892
1092
1188
1304
1224
562
1866
1614
2016
1638
444
1704
1724
1954
906
1290
2088
1588
732
1016
2808
1548
920
1664
514
1052
570
384
1776
1356
1914
2166
2384
2058
1314
630
1116
2198
2158
1164
1242
1408
1098
1134
1118
576
1836
2412
454
1388
1042
1052
1222
2076
1322
822
1302
1126
1608
2360
742
2182
1528
790
2308
744
1830
972
1008
1536
1360
1254
1302
2250
922
2128
1788
1590
2008
1972
640
720
1806
450
1614
1272
1384
1294
1976
852
980
2304
622
1170
666
2542
1536
1902
708
952
1386
1248
1376
1296
622
1824
1518
2280
1692
504
1764
1784
2014
966
1350
2058
1660
792
1076
2650
1812
980
1724
574
1112
630
444
3606
3144
3702
4104
4208
3648
3102
2418
2904
4112
4102
2952
3030
3346
2886
2922
3032
2364
3798
4012
2242
3176
2830
2840
3052
2468
3110
2610
3090
2914
3396
4262
2530
4012
3316
2578
4234
2532
3618
2760
2796
3468
3274
3042
3090
4038
2710
3916
3720
3378
3970
3886
2428
2508
3594
2238
3402
3060
3172
3136
3806
2640
2768
4248
2410
2958
2454
3730
3510
3690
2496
2740
3258
3036
3164
3348
2410
3744
3366
4128
3588
2292
3552
3572
3802
2754
3138
3846
3532
2580
2864
4328
3660
2768
3512
2362
2900
2418
2232
2985
2715
3123
3321
3585
3081
2577
1665
2151
3483
3463
2343
2421
2785
2085
2169
2447
1563
3189
3739
1441
2747
2077
2087
2323
1667
3285
1857
2481
2305
2967
3473
1729
3307
2887
1873
3477
1923
3075
1959
2085
2985
2725
2289
2511
3585
2167
3271
3225
2733
3361
3127
1735
2079
2949
1437
2793
2625
2611
2461
2957
2097
2015
3433
1723
2205
1701
4093
3153
3081
1743
2029
2571
2607
2597
2661
1723
3261
2517
3459
3027
1683
3021
3029
3157
2001
2385
3331
2731
1827
2381
3881
2967
2159
3059
1561
2291
1713
1431
1875
1569
2127
2253
2555
2061
1527
843
1329
2411
2287
1377
1455
1747
1311
1347
1271
789
2001
2313
667
1601
1255
1265
1261
893
2205
1535
1515
1339
1821
2381
955
2373
1741
1003
2455
957
2043
1185
1221
1701
1615
1467
1515
2481
1135
2341
1953
1803
2155
2011
853
933
2019
663
1827
1485
1597
1225
2075
1065
1193
2475
835
1383
879
2953
1713
2115
921
1165
1389
1461
1589
1509
835
1989
1569
2397
1935
717
1977
1997
2227
1179
1563
2289
1873
1005
1289
2709
1929
1193
1937
787
1325
843
657
2781
2289
2847
3261
3533
2781
2247
1563
2049
3131
3007
2097
2175
2653
2031
2067
1991
1509
2883
3321
1387
2321
1975
1985
2215
1613
2925
2255
1755
2059
2541
3377
1675
3093
2461
1723
3445
1677
2763
1905
1941
2889
2335
2187
2235
3471
1855
3061
3141
2523
2875
2731
1573
1653
2739
1383
2547
2205
2317
1945
2981
1785
1913
3453
1555
2103
1599
3565
2913
2835
1641
1885
2109
2181
2309
2229
1555
3147
2541
3303
2655
1437
2697
2717
2947
1899
2283
3279
2593
1725
2009
3687
2835
1913
2657
1507
2045
1563
1377
2679
2565
2709
2937
3105
2793
2391
1731
1929
2809
3067
2265
2097
2455
1929
2289
2057
1401
2721
2947
1267
2633
2143
2135
1951
1505
3129
2477
1635
2403
2853
2963
1459
3109
2773
1639
3131
1857
2871
1797
1851
2505
2359
2067
2325
3093
1801
3055
2757
2397
3031
2911
1501
1965
2835
1281
2601
2241
2197
2029
2819
1911
1793
3013
1669
1983
1821
3547
2673
2805
1845
1795
2403
2493
2189
2493
1489
2793
2307
2855
2613
1605
2649
2843
2959
2121
2505
2863
2557
1605
2267
3491
2463
2081
2909
1291
2207
1479
1161
3258
3180
3348
3630
4241
3318
2736
2112
2598
4107
3628
2826
2622
2884
2610
2886
2594
1998
3330
4029
1876
3212
2524
2534
2476
2102
3522
3074
2304
2964
2788
3824
2164
3732
3352
2320
4205
2406
3204
2394
2526
3000
2836
2736
2628
3852
2344
3514
3252
3216
3496
3340
2176
2544
3414
1962
3036
2874
2848
2710
3803
2256
2462
4051
2170
2652
2418
4219
3234
3342
2190
2470
2880
3072
2732
2988
2170
3288
3399
4053
3168
2166
3204
3188
3484
2718
3102
3604
3082
2274
2846
4301
3306
2642
3386
1996
2774
2160
1866
3198
3102
3660
3792
4118
3594
3060
2376
2862
3944
3820
2910
2988
3070
2844
2880
2804
2322
3738
4158
2200
3134
2788
2798
2884
2426
3738
3068
2568
3048
2872
3354
2488
3906
3274
2536
3976
2490
3576
2718
2754
3462
3148
3000
3048
4062
2668
3874
3564
3336
3688
3544
2386
2466
3552
2196
3360
3018
3130
2758
3398
2598
2726
3984
2368
2916
2412
4054
3474
3648
2454
2698
2922
2994
3122
3042
2368
3720
3192
3942
3468
2250
3510
3530
3760
2712
3096
3852
3406
2538
2822
4452
3474
2726
3470
2320
2858
2376
2190
1971
1449
2007
2391
2621
1941
1407
723
1209
2495
2329
1257
1335
1843
1191
1227
1151
669
2037
2291
547
1481
1135
1145
1417
773
2265
1415
915
1395
1219
1701
2531
2461
1621
883
2587
837
1923
1065
1101
2043
1867
1347
1395
2643
1015
2221
2295
1683
2209
2197
733
813
1899
543
1707
1365
1477
1501
2171
945
1073
2595
715
1263
759
2557
2085
1995
801
1045
1269
1341
1469
1389
715
2319
1605
2493
1815
597
1857
1877
2107
1059
1443
2421
1753
885
1169
2607
2025
1073
1817
667
1205
723
537
4047
4128
4071
4183
4397
4167
3453
3312
3876
4157
4037
3732
3465
3727
3882
3864
3401
3342
4059
4229
2938
4094
3628
3866
3157
3446
4215
4184
3600
4122
3538
4354
4307
3028
4282
3634
4319
3216
3853
3738
3822
4077
3535
4032
3477
4647
3271
4183
3961
3565
4267
4133
3532
3570
3927
3234
3729
3597
3565
3283
4061
3063
3740
4249
3388
3948
3552
4139
4113
3973
3534
3766
3543
3990
3629
3717
3532
4083
3729
4157
3951
3024
4278
3965
4155
3780
4108
4177
3943
3552
3932
4123
3915
3500
4043
2860
3257
3474
2724
2892
2628
3186
3330
3614
3120
2586
1902
2388
3416
3268
2436
2514
2764
2370
2406
2330
1848
2964
3384
1726
2660
2314
2324
2326
1952
3264
2594
2094
2574
2398
2880
3470
2014
3432
2062
3526
2016
3102
2244
2280
2970
2776
2526
2574
3570
2194
3400
3204
2862
3136
3070
1912
1992
3078
1722
2886
2544
2656
2284
3092
2124
2252
3522
1894
2442
1938
4207
2994
3174
1980
2224
2448
2520
2648
2568
1894
3228
2634
3384
2994
1776
3036
3056
3286
2238
2622
3348
2932
2064
2348
4191
2916
2252
2996
1846
2384
1902
1716
2127
1521
2079
2535
2765
2013
1479
795
1281
2639
2473
1329
1407
1999
1263
1299
1223
741
2181
2576
619
1553
1207
1217
1561
845
2409
1487
987
1467
1291
1773
2675
907
2605
1693
2743
909
1995
1137
1173
2187
2011
1419
1467
2787
1087
2293
2439
1755
2353
2341
805
885
1971
615
1779
1437
1549
1645
2327
1017
1145
2739
787
1335
831
2845
2211
2067
873
1117
1341
1413
1541
1461
787
2445
1749
2649
1887
669
1929
1949
2179
1131
1515
2565
1825
957
1241
2883
2181
1145
1889
739
1277
795
609
3972
3996
4230
4416
4596
4194
3558
2892
3378
4366
4306
3642
3600
3760
3384
3684
3470
2856
4218
4069
2644
4028
3304
3314
3430
2960
4254
3872
3084
3780
3604
4248
4454
2932
4516
4168
3094
3222
4056
3252
3306
3984
3880
3516
3492
4584
3292
4252
4236
4014
4192
4096
2956
3360
4230
2736
3798
3732
3718
3550
4292
3096
3242
4504
3112
3432
3216
4363
4254
4200
3240
3250
3570
3888
3722
3660
2944
4272
3882
4322
4134
2982
4044
4028
4126
3516
3900
4342
4054
3054
3662
4373
3936
3458
4076
2764
3374
2934
2634
1830
1452
2010
2220
2468
1944
1410
726
1212
2282
2242
1260
1338
1702
1194
1230
1154
672
1920
2610
550
1484
1138
1148
1276
776
2148
1418
918
1398
1222
1704
2414
838
2236
1624
886
2392
1926
1068
1104
1608
1444
1350
1398
2304
1018
2224
1860
1686
2092
2056
736
816
1902
546
1710
1368
1480
1348
2030
948
1076
2358
718
1266
762
2812
1620
1998
804
1048
1272
1344
1472
1392
718
1896
1788
2334
1818
600
1860
1880
2110
1062
1446
2112
1756
888
1172
2656
1866
1076
1820
670
1208
726
540
3495
3423
3621
3951
4025
3645
3183
2409
2895
4017
3883
3051
3129
3367
2841
2913
2855
2319
3681
4119
2197
3455
2821
2831
2929
2423
3801
3101
2601
3189
3013
3675
4145
2485
3987
3595
2623
4097
2631
2715
2751
3363
3199
3033
2901
3951
2719
3787
3615
3459
3781
3625
2479
2787
3657
2193
3501
3159
3121
2833
3587
2739
2759
3961
2473
2949
2445
4273
3405
3789
2487
2695
2973
3315
3173
3093
2473
3651
3255
4017
3519
2391
3651
3671
3865
2745
3129
3771
3457
2571
2855
4401
3549
2867
3521
2317
2999
2463
2187
1941
2226
2394
2385
2699
2406
1782
1158
1644
2679
2674
1872
1668
1813
1656
1932
1616
1044
2259
2643
922
2258
1570
1580
1495
1148
2568
2120
1350
2010
1834
2478
2621
1210
2778
2398
1366
2759
1452
2250
1572
2085
1891
1782
1674
2763
1480
2560
2319
2262
2542
2386
1222
1590
2460
1008
2082
1920
1894
1756
2279
1302
1508
2611
1216
1698
1464
3133
2097
2388
1236
1516
1734
2118
1934
1854
1216
2343
1857
2463
2280
1212
2250
2234
2530
1764
2148
2553
2218
1320
1892
2879
1995
1688
2282
1042
1820
1206
912
2151
1848
2406
2706
2990
2460
1806
1122
1608
2672
2854
1656
1734
2158
1590
1626
1808
1068
2421
2794
946
1880
1534
1544
1585
1172
2778
1814
1314
1794
1618
2100
2675
1234
2698
2020
1282
2971
1236
2322
1464
2247
2098
1746
1794
2817
1414
2620
2481
2082
2722
2500
1132
1212
2298
942
2106
1764
1876
1822
2351
1344
1472
2949
1114
1662
1158
3277
2259
2394
1200
1444
1944
1740
1988
2034
1114
2505
2148
2673
2400
996
2256
2276
2506
1458
1842
2607
2140
1284
1568
2921
2205
1472
2216
1066
1604
1122
936
2475
2379
2937
3291
3563
2871
2337
1653
2139
3221
3097
2187
2265
2347
2121
2157
2081
1599
2751
3339
1477
2411
2065
2075
1879
1703
3015
2345
1845
2325
2149
2631
3083
1765
3183
2551
1813
3331
1767
2853
1995
2031
2425
2277
2325
3231
1945
3151
2841
2613
2965
2821
1663
1743
2829
1473
2637
2295
2407
2035
2675
1875
2003
3315
1645
2193
1689
3703
2859
2925
1731
1975
2199
2271
2399
2319
1645
2817
2577
2967
2745
1527
2787
2807
3037
1989
2373
3027
2683
1815
2099
3759
2499
2003
2747
1597
2135
1653
1467
2451
2223
2781
2979
3227
2697
2181
1497
1983
3185
3061
2031
2109
2305
1965
2001
1907
1443
2523
3231
1321
2255
1909
1919
1819
1547
2979
2189
1689
2169
1993
2475
3023
1609
3147
2395
1657
3307
1611
2697
1839
1875
2349
2121
2169
3171
1789
2995
2619
2457
2929
2785
1507
1587
2673
1317
2481
2139
2251
1999
2651
1719
1847
3303
1489
2037
1533
3607
2397
2769
1575
1819
2025
2115
2231
2151
1489
2589
2103
2943
2571
1371
2631
2651
2881
1833
2217
2967
2515
1659
1943
3693
2271
1847
2591
1441
1979
1497
1311
2511
2559
2757
2973
3263
2781
2319
1545
2031
3057
3019
2187
2265
2383
1977
2049
1991
1455
2613
3033
1333
2591
1957
1967
1945
1559
2937
2237
1737
2325
2149
2811
3107
1621
3123
2731
1759
3143
1767
2613
1851
1887
2619
2335
2037
3201
1855
2923
2871
2595
2917
2761
1615
1923
2793
1329
2637
2295
2257
1969
2813
1875
1895
3085
1609
2085
1581
3307
2643
2925
1623
1831
2109
2451
2309
2229
1609
2877
2253
3033
2655
1527
2787
2807
3001
1881
2265
3009
2593
1707
1991
3417
2565
2003
2657
1453
2135
1599
1323
2301
2289
2847
2991
3233
2757
2247
1563
2049
3059
2935
2097
2175
2173
2031
2067
1967
1509
2565
3105
1387
2321
1975
1985
1681
1613
2865
2255
1755
2235
2059
2541
2885
1675
3033
2461
1723
3145
1677
2763
1905
1941
2391
2263
2187
3033
1855
3061
2667
2523
2803
2671
1573
1653
2739
1383
2547
2205
2317
1885
2501
1785
1913
3117
1555
2103
1599
3205
2409
2835
1641
1885
2085
2181
2297
2217
1555
2631
2097
2781
2631
1437
2697
2717
2947
1899
2283
2829
2581
1725
2009
3483
2313
1913
2657
1507
2045
1563
1377
4104
3846
4224
4104
4096
4170
3600
2994
3210
4354
4300
3510
3612
3766
3216
3552
3236
2682
3852
4092
2554
3878
3406
3146
2920
2786
4296
3740
2916
3648
3430
4098
3922
2752
4396
4018
2926
4012
3090
4080
3078
3132
3708
3652
3348
3534
3286
4258
3618
3882
4204
4102
2782
3210
4080
2568
3804
3744
3712
3544
4076
3120
3074
4050
2950
3264
3084
3824
3696
3984
3090
3076
3582
3738
3716
3702
2776
3870
3300
4046
4128
2850
3816
4052
4150
3384
3768
3982
3844
2886
3512
3852
3660
3326
4100
2584
3398
2766
2454
2055
1719
2277
2475
2633
2211
1677
993
1479
2507
2467
1527
1605
1927
1461
1497
1421
939
2163
2571
817
1751
1405
1415
1501
1043
2355
1685
1185
1665
1489
1971
2669
1105
2523
1891
1153
2617
1107
2193
1335
1371
1863
1687
1617
1665
2559
2491
2115
1953
2335
2161
1003
1083
2169
813
1977
1635
1747
1375
2255
1215
1343
2613
985
1533
1029
2893
1863
2265
1071
1315
1539
1611
1739
1659
985
2151
1821
2559
2085
867
2127
2147
2377
1329
1713
2367
2023
1155
1439
2893
2091
1343
2087
937
1475
993
807
3876
3546
4152
4290
4508
4170
3540
2820
3306
4394
4228
3390
3468
3844
3276
3324
3224
2754
3924
3935
2632
3578
3232
3242
3322
2858
4164
3512
3012
3528
3352
3798
4448
2920
4366
3718
2968
4504
2970
4056
3150
3186
3960
3784
3444
3456
4530
3118
4212
3816
4096
4084
2818
2910
4014
2628
3840
3498
3610
3388
4058
3078
3170
4414
2890
3360
2856
4291
4002
4128
2898
3130
3498
3438
3572
3492
2890
4218
3504
4380
4056
2730
3990
4010
4222
3156
3540
4326
3856
2982
3266
4233
3912
3206
3920
2752
3338
2808
2622
3429
3297
3411
3825
4065
3591
3075
2193
2679
3775
3709
2943
2811
3295
2685
2985
2675
2157
3375
4005
1945
3329
2605
2615
2833
2261
3825
3173
2385
3081
2905
3549
3887
2233
3805
3469
2395
3969
2523
3573
2553
2607
3159
3235
2817
3009
3873
2683
3769
3315
3727
3595
2257
2661
3531
2037
3297
2955
2911
2731
3515
2595
2543
3877
2413
2733
2517
4177
3339
3519
2541
2551
2997
3189
3113
3105
2245
3447
3129
3663
3507
2283
3363
3527
3673
2817
3201
3775
3253
2355
2963
4199
3363
2759
3503
2065
2891
2235
1935
2913
2721
3279
3483
3713
3189
2679
1995
2481
3491
3367
2529
2607
2785
2463
2499
2399
1941
3189
3597
1819
2753
2407
2417
2329
2045
3297
2687
2187
2667
2491
2973
3533
2107
3465
2893
2155
3769
2109
3195
2337
2373
3015
2695
2619
2667
3681
2287
3493
3279
3235
3103
2005
2085
3171
1815
2979
2637
2749
2317
3113
2217
2345
3765
1987
2535
2031
3769
2889
3267
2073
2317
2517
2613
2729
2649
1987
3255
2589
3405
3063
1869
3129
3149
3379
2331
2715
3477
3013
2157
2441
3981
2937
2345
3089
1939
2477
1995
1809
3867
3555
3789
4083
4359
3735
3399
2703
2919
4129
3973
3219
3189
3625
2925
3261
3119
2391
3885
3658
2263
3587
3115
2855
3019
2495
4149
3449
2625
3357
3229
3807
4349
2461
4087
3727
2635
4149
2799
3867
2787
2841
3681
3463
3057
3321
4269
2881
4117
3933
3591
3973
2491
2919
3789
2277
3663
3303
3277
3121
3845
2919
2783
4117
2659
2973
2793
4030
3837
3879
2799
2785
3381
3447
3299
3489
2485
3951
3453
4073
3705
2559
3711
3851
4021
3093
3477
4123
3619
2595
3221
3956
3831
3035
3887
2293
3197
2475
2163
3531
3573
3771
3975
3848
3735
3243
2559
2757
4021
3877
3093
3159
3319
2757
3117
3011
2229
3777
3936
2095
3461
2971
2963
3007
2333
3957
3305
2463
3231
2965
3681
3983
2287
3973
3601
2467
3772
2709
3723
2625
2679
3561
3421
2895
3177
4215
2851
3907
3795
3447
3847
2329
2793
3663
2109
3453
3291
3259
3091
3593
2763
2621
4087
2497
2811
2649
3928
3795
3813
2673
2623
3135
3321
3281
3255
2317
3831
3411
3869
3693
2433
3675
3695
3811
2949
3333
3901
3595
2433
3095
4106
3495
2909
3653
2119
3059
2307
1989
1392
1296
1854
1968
2174
1788
1254
570
1056
2138
2014
1104
1182
1264
1038
1074
998
516
1668
2124
394
1328
982
992
1006
620
1932
1262
762
1242
1066
1548
2210
682
2100
1468
730
2248
684
1770
912
948
1494
1342
1194
1242
2112
862
2068
1758
1530
1882
1738
660
1746
390
1554
1212
1324
952
1592
792
920
2178
562
1110
606
2482
1626
1842
648
892
1116
1188
1316
1236
562
1734
1518
1884
1662
444
1704
1724
1954
906
1290
1932
1600
732
1016
2520
1416
920
1664
514
1052
570
384
1872
1908
2154
2274
2492
2124
1536
1176
1338
2252
2254
1710
1584
1828
1338
1734
1226
804
1908
2380
676
1892
1588
1562
1300
908
2154
1922
1314
1698
1354
2280
2414
946
2538
2200
1048
2438
1032
1992
1200
1254
1944
1750
1746
1416
2496
1198
2230
2178
1854
2182
2264
904
2040
690
1842
1668
1654
1516
2108
1044
1202
2416
1096
1662
1266
2908
1968
2136
1272
1198
1542
1920
1646
1632
898
2202
1488
2394
2040
1050
2046
1976
2278
1566
1950
2274
1816
1014
1694
2988
1926
1526
2000
778
1352
888
558
3177
3387
3585
3855
3971
3609
3147
2373
2859
3939
3847
3015
3093
3049
2805
2877
2819
2283
3501
3939
2161
3419
2785
2795
2611
2387
3765
3065
2565
3153
2977
3639
3773
2449
3951
3559
2587
4019
2595
3441
2679
2715
3339
3163
2997
2865
3915
2683
3751
3591
3423
3745
3589
2443
2751
2157
3465
3123
3085
2797
3533
2703
2723
3895
2437
2913
2409
4147
3351
3753
2451
2659
2937
3279
3137
3057
2437
3597
2919
3699
3483
2355
3615
3635
3829
2709
3093
3717
3421
2535
2819
4209
3231
2831
3485
2281
2963
2427
2151
1071
1011
1569
1581
1829
1467
969
285
771
1745
1621
819
897
943
753
789
677
231
1335
1695
109
1043
697
707
457
335
1557
977
477
957
781
1263
1661
397
1725
1183
445
1915
399
1485
627
663
1161
949
909
957
1809
577
1783
1437
1245
1489
1363
295
375
1461
1269
927
1039
577
1271
507
635
1893
277
825
321
2119
1143
1557
363
607
795
903
1013
933
277
1401
657
1551
1341
159
1419
1439
1669
621
1005
1605
1297
447
731
2199
1083
635
1379
229
767
285
99
2991
2757
3315
3441
3731
3249
2715
2031
2517
3599
3475
2565
2643
2863
2499
2535
2459
1977
3081
3501
1855
2789
2443
2453
2425
2081
3393
2723
2223
2703
2527
3009
3587
2143
3561
2929
2191
3643
2145
3231
2373
2409
3069
2803
2655
2703
3669
2323
3529
3321
2991
3343
3199
2041
2121
3207
1851
2673
2785
2413
3191
2253
2381
3651
2023
2571
2067
3595
3111
3303
2109
2353
2577
2649
2777
2697
2023
3345
2733
3513
3123
1905
3165
3185
3415
2367
2751
3477
3061
2193
2477
3897
3045
2381
3125
1975
2513
2031
1845
2358
2244
2802
2802
3092
2736
2202
1518
2004
3086
2962
2052
2130
2230
1986
2022
1946
1464
2460
2862
1342
2276
1930
1940
1786
1568
2880
2210
1710
2190
2014
2496
2948
1630
3048
2416
1678
3022
1632
2718
1860
1896
2466
2290
2142
2190
3030
1810
3016
2718
2478
2830
2686
1528
1608
2694
1338
2502
2272
1900
2558
1740
1868
3012
1510
2058
1554
3490
2490
2790
1596
1840
2064
2136
2264
2184
1510
2724
2346
2880
2610
1392
2652
2672
2902
1854
2238
2838
2548
1680
1964
3258
2412
1868
2612
1462
2000
1518
1332
2640
2412
2970
3192
3464
2880
2370
1686
2172
3374
3250
2220
2298
2512
2154
2190
2090
1632
2916
3240
1510
2444
2098
2108
2056
1736
3168
2378
1878
2358
2182
2664
3260
1798
3336
2584
1846
3496
1800
2886
2028
2064
2742
2578
2310
2358
3408
1978
3184
3006
2646
3118
2974
1696
1776
2862
1506
2670
2328
2188
2840
1908
2036
3492
1678
2226
1722
3616
2760
2958
1764
2008
2208
2304
2420
2340
1678
2982
2478
3132
2754
1560
2820
2840
3070
2022
2406
3204
2704
1848
2132
3618
2664
2036
2780
1630
2168
1686
1500
1644
1674
2232
2226
2474
2130
1632
948
1434
2408
2284
1482
1560
1516
1416
1452
1340
894
1902
2340
772
1706
1360
1370
1102
998
2220
1640
1140
1620
1444
1926
2306
1060
2388
1846
1108
2482
1062
2148
1290
1326
1728
1612
1572
1620
2454
1240
2446
2010
1908
2152
2026
958
1038
2124
768
1932
1590
1702
1844
1170
1298
2538
940
1488
984
2722
1620
2220
1026
1270
1458
1566
1676
1596
940
1968
1302
2118
2004
822
2082
2102
2332
1284
1668
2250
1960
1110
1394
2832
1650
1298
2042
892
1430
948
762
2910
2562
3120
3318
3548
3054
2520
1836
2322
3380
3340
2370
2448
2782
2304
2340
2264
1782
3018
3474
1660
2594
2248
2258
2356
1886
3258
2528
2028
2508
2332
2814
3524
1948
3346
2734
1996
3490
1950
3036
2178
2214
2706
2542
2460
2508
3414
2128
3334
2970
2796
3190
3136
1846
1926
3012
1656
2820
2478
2590
2428
2058
2186
3468
1828
2376
1872
3940
2718
3108
1914
2158
2382
2454
2582
2502
1828
2994
2724
3432
2928
1710
2970
2990
3220
2172
2556
3222
2866
1998
2282
3898
2964
2186
2930
1780
2318
1836
1650
1674
1614
2172
2184
2432
2070
1572
888
1374
2348
2224
1422
1500
1546
1356
1392
1280
834
1938
2298
712
1646
1300
1310
1060
938
2160
1580
1080
1560
1384
1866
2264
1000
2328
1786
1048
2518
1002
2088
1230
1266
1764
1552
1512
1560
2412
1180
2386
2040
1848
2092
1966
898
978
2064
708
1872
1530
1642
1180
1874
1238
2496
880
1428
924
2722
1746
2160
966
1210
1398
1506
1616
1536
880
2004
1260
2154
1944
762
2022
2042
2272
1224
1608
2208
1900
1050
1334
2802
1686
1238
1982
832
1370
888
702
2328
2238
2394
2664
2780
2460
2076
1170
1656
2910
2764
1884
1626
2176
1668
1944
1754
1056
2358
2862
934
2270
1582
1592
1600
1160
2796
2132
1362
2022
1846
2490
2612
1222
2776
2410
1378
2838
1464
2556
1452
1584
2154
2092
1794
2010
2742
1486
2752
2406
2274
2632
2578
1234
1602
2472
1020
2376
1926
1894
1714
2498
1596
2682
1228
1710
1476
3202
2322
2502
1248
1528
2070
2130
1886
2160
1228
2424
1938
2628
2310
1224
2346
2528
2554
1776
2160
2512
2254
1332
1904
3212
2112
1700
2576
1054
1832
1218
924
3660
3450
4008
4074
4418
3936
3408
2724
3210
4376
4264
3258
3336
3652
3192
3228
3212
2670
3960
4276
2548
3482
3136
3146
3106
2774
4170
3416
2916
3396
3220
3702
4202
2836
4258
3622
2884
4510
2838
3924
3066
3102
3774
3592
3348
3396
4344
3016
4222
4038
3684
4132
3868
2734
2814
3900
2544
3708
3366
3478
3190
3860
2946
3074
2716
3264
2760
4237
3816
3996
2802
3046
3312
3342
3452
3402
2716
4062
3546
4182
3876
2598
3858
3878
4108
3060
3444
4134
3784
2886
3170
4460
3714
3074
3818
2668
3206
2724
2538
1497
1269
1827
2031
2327
1737
1227
543
1029
2231
2107
1077
1155
1369
1011
1047
947
489
1773
2367
367
1301
955
965
913
593
2025
1235
735
1215
1039
1521
2117
655
2193
1441
703
2353
657
1743
885
921
1599
1435
1167
1215
2265
835
2041
1863
1503
1975
1831
553
633
1719
363
1527
1185
1297
1045
1697
765
893
2349
1083
579
2473
1707
1815
621
865
1065
1161
1277
1197
535
1839
1425
1989
1611
417
1677
1697
1927
879
1263
2061
1561
705
989
2493
1521
893
1637
487
1025
543
357
2505
2091
2649
2829
3143
2595
2049
1365
1851
2903
3043
1899
1977
2359
1833
1869
1805
1311
2775
2995
1189
2123
1777
1787
1939
1415
2967
2057
1557
2037
1861
2343
3053
1477
2899
2263
1525
2995
1479
2565
1707
1743
2499
2173
1989
2037
3165
1657
2863
2601
2325
2911
2719
1375
1455
2541
1185
2349
2007
2119
2035
2705
1587
1715
2991
1357
1401
3271
2511
2637
1443
1687
1923
1983
2123
2043
1357
2757
2229
3009
2469
1239
2499
2519
2749
1701
2085
2943
2407
1527
1811
3219
2511
1715
2459
1309
1847
1365
1179
1635
1335
1893
2091
2363
1995
1293
609
1095
2369
2245
1143
1221
1561
1077
1113
1205
555
1911
2151
433
1367
1021
1031
1051
659
2163
1301
801
1281
1105
1587
2255
721
2331
1507
769
2491
723
1809
951
987
1737
1573
1233
1281
2403
901
2107
2001
1569
2113
1969
619
699
1785
429
1593
1251
1363
1183
1835
831
959
2487
601
1149
2341
1659
1881
687
931
1323
1227
1523
1443
601
1977
1377
2127
1869
483
1743
1763
1993
945
1329
2199
1807
771
1055
2517
1659
959
1703
553
1091
609
423
3684
3492
3618
4056
4256
3684
3282
2388
2874
4096
3916
3138
3018
3400
2880
3180
2978
2352
3816
4254
2140
3524
2800
2810
2932
2456
4020
3368
2580
3276
3100
3744
4280
2428
4000
3664
2590
4230
2718
3780
2748
2802
3582
3316
3012
3216
4182
2710
3976
3834
3510
3934
3802
2452
2856
3726
2232
3504
3150
3118
2938
3722
2820
2738
4176
2608
2928
2712
3762
3726
2736
2746
3294
3384
3110
3384
2440
3852
3276
3978
3534
2478
3570
3752
3880
3012
3396
4042
3478
2550
3158
3808
3750
2954
3800
2260
3098
2430
2130
2772
2502
2748
3138
3482
3012
2130
1770
1932
3380
3142
2304
2178
2728
1932
2328
2288
1398
3024
3256
1270
2486
2182
2156
2218
1502
3234
2516
1908
2292
1948
2874
3296
1540
3132
2794
1642
3512
1626
2586
1794
1848
2850
2668
2340
2010
3438
1792
3274
3084
2448
3226
2858
1498
1986
2634
1284
2436
2262
2248
2110
3026
1638
1796
3376
1690
2256
1860
3745
2730
1866
1792
2424
2514
2558
2514
1492
3108
2622
3294
2952
1644
2640
2570
2872
2160
2544
3228
2848
1608
2288
3542
2826
2120
2594
1372
1946
1482
1152
3327
3189
3747
3759
4103
3681
3147
2463
2949
4073
3949
2997
3075
3199
2931
2967
2891
2409
3645
3943
2287
3221
2875
2885
2773
2513
3855
3155
2655
3135
2959
3441
3899
2575
3943
3361
2623
4195
2577
3663
2805
2841
3471
3277
3087
3135
4041
2755
3961
3723
3423
3817
3565
2473
2553
3639
2283
3447
3105
3217
2857
3527
2685
2813
4191
2455
3003
2499
3976
3483
2541
2785
3009
3081
3209
3129
2455
3729
3231
3831
3555
2337
3597
3617
3847
2799
3183
3831
3493
2625
2909
4157
3363
2813
3557
2407
2945
2463
2277
1698
1398
1956
2478
2750
2058
1356
672
1158
2432
2308
1206
1284
1912
1140
1176
1268
618
1974
2538
496
1430
1084
1094
1114
722
2226
1364
864
1344
1168
1650
2318
784
2394
1570
832
2554
786
1872
1014
1050
1800
1636
1296
1344
2466
964
2170
2064
1632
2176
2032
682
762
1848
492
1656
1314
1426
1246
1898
894
1022
2550
664
1212
708
2782
2064
1944
994
1386
1290
1586
1506
664
2040
1782
2190
1932
546
1806
1826
2056
1008
1392
2262
1870
834
1118
2958
1722
1022
1766
616
1154
672
486
2016
1764
2322
2466
2750
2256
1722
1038
1524
2570
2404
1572
1650
1888
1506
1542
1466
984
2100
2508
862
1796
1450
1460
1462
1088
2400
1730
1230
1710
1534
2016
2606
1150
2568
1936
1198
2662
1152
2238
1380
1416
2106
1930
1662
1710
2706
1330
2536
2358
1998
2272
2206
1048
1128
2214
858
2022
1680
1792
1420
2216
1260
1388
2658
1030
1578
1074
2764
2148
2310
1116
1584
1656
1784
1704
1030
2364
1770
2520
2130
912
2172
2192
2422
1374
1758
2484
2068
1200
1484
2796
2052
1388
2132
982
1520
1038
852
2268
2028
2586
2820
3104
2496
1986
1302
1788
3014
2890
1836
1914
2140
1770
1806
1706
1248
2556
2880
1126
2060
1714
1724
1684
1352
2796
1994
1494
1974
1798
2280
2888
1414
2964
2200
1462
3136
1416
2502
1644
1680
2382
2218
1926
1974
3036
1594
2800
2634
2262
2758
2602
1312
1392
2478
1122
2286
1944
2056
1816
2468
1524
1652
3120
1294
1842
1338
3226
2400
2574
1380
1624
1920
2036
1956
1294
2622
2118
2772
2370
1176
2436
2456
2686
1638
2022
2832
2320
1464
1748
3282
2304
1652
2396
1246
1784
1302
1116
2640
2208
2766
3018
3248
2706
2166
1482
1968
3050
3022
2016
2094
2272
1950
1986
1982
1428
2718
3264
1306
2240
1894
1904
2086
1532
2940
2174
1674
2154
1978
2460
3224
1594
3046
2380
1642
3172
1596
2682
1824
1860
2388
2224
2106
2154
3114
1774
2980
2652
2442
2890
2836
1492
1572
2658
1302
2466
2124
2236
2158
2840
1704
1832
3168
1474
2022
1518
3334
2400
2754
1560
1804
2268
2132
2358
1474
2676
2382
3162
2556
1356
2616
2636
2866
1818
2202
2922
2482
1644
1928
3376
2694
1832
2576
1426
1964
1482
1296
2376
2364
2922
3090
3320
2832
2322
1638
2124
3134
3010
2172
2250
2248
2106
2142
2042
1584
2640
3204
1462
2396
2050
2060
1936
1688
2940
2330
1830
2310
2134
2616
3140
1750
3108
2536
1798
3220
1752
2838
1980
2016
2466
2338
2262
2310
3288
1930
3136
2742
2598
2878
2746
1648
1728
2814
1458
2622
2280
2392
1960
2576
1860
1988
3372
1630
2178
1674
3508
2496
2910
1716
1960
2160
2256
2292
1630
2706
2196
2856
2706
1512
2772
2792
3022
1974
2358
3084
2656
1800
2084
3720
2388
1988
2732
1582
2120
1638
1452
2982
2934
3132
3444
3630
3108
2598
1950
2148
3382
3220
2484
2532
2788
2148
2508
2456
1620
3216
3693
1486
2852
2362
2354
2380
1724
3300
2696
1854
2622
2338
3072
3488
1678
3334
2992
1858
3619
2082
3096
2016
2070
3000
2572
2286
2520
3600
2224
3268
3252
2802
3220
3136
1720
2184
3054
1500
2826
2646
2620
2464
2954
2136
2012
3460
1888
2202
2040
3733
3168
3174
2064
2014
2616
2712
2642
1708
3270
2532
3302
3066
1824
3018
3068
3172
2340
2724
3358
2758
1824
2486
3813
2994
2300
3104
1510
2414
1698
1380
1281
1269
1827
2007
2249
1737
1227
543
1029
2039
1915
1077
1155
1153
1011
1047
947
489
1725
2121
367
1301
955
965
853
593
1845
1235
735
1215
1039
1521
2057
655
2013
1441
703
2305
657
1743
885
921
1551
1243
1167
1215
2205
835
2041
1647
1503
1783
1651
553
633
1719
363
1527
1185
1297
865
1481
765
893
2289
535
1083
579
2365
1425
1815
621
865
1065
1161
1277
1197
1791
1113
1941
1611
417
1677
1697
1927
879
1263
2001
1561
705
989
2439
1473
893
1637
487
1025
543
357
3285
3135
3279
3657
3935
3345
2931
2085
2571
3795
3649
2763
2841
2911
2505
2589
2621
1983
3357
3825
1861
3167
2497
2507
2503
2087
3693
2777
2277
2901
2725
3387
3851
2149
3673
3307
2293
3843
2343
3411
2379
2505
3027
2863
2709
2847
3879
2371
3619
3279
3153
3529
3463
2155
2499
3369
1857
3213
2811
2767
2797
3383
2451
2435
3733
2143
2625
2121
3931
3261
3501
2163
2449
2907
3027
2759
3015
2143
3063
3747
3195
2103
3231
3383
3577
2421
2805
3631
3109
2247
2801
3977
3333
2579
3413
1981
2711
2133
1851
1590
1506
2064
2280
2528
1962
1464
780
1266
2348
2224
1314
1392
1462
1248
1284
1172
726
1860
2412
604
1538
1192
1202
976
830
2148
1472
972
1452
1276
1758
2180
892
2316
1678
940
2440
894
1980
1122
1158
1686
1552
1404
1452
2328
1072
2278
1956
1740
2092
1954
790
870
1956
600
1764
1422
1534
1168
1790
1002
1130
2412
772
1320
816
2722
1698
2052
858
1102
1290
1398
1508
1428
772
1926
2076
1836
654
1914
1934
2164
1116
1500
2124
1792
942
1226
2754
1608
1130
1874
724
1262
780
594
3711
3456
3702
4233
4347
3897
3084
2724
2886
4283
4057
3258
3132
3595
2886
3282
3065
2352
3969
4171
2224
3440
3136
3110
3055
2456
4149
3470
2862
3246
2902
3828
4337
2494
4086
3748
2596
4247
2580
3540
2748
2802
3735
3391
3294
2964
4167
2680
3991
3969
3402
3943
3812
2452
2940
3588
2238
3390
3216
3202
3064
3833
2592
2750
4081
2644
3210
2814
4411
3903
3684
2820
2746
3459
3468
3068
3282
2446
4005
3381
3855
2598
3594
3524
3826
3114
3498
4093
3436
2562
3242
4439
3801
3074
3818
2326
2900
2436
2106
3747
3477
3699
3951
4181
3909
3201
2787
3183
4015
3919
3081
3141
3511
2829
3345
3089
2295
3741
4045
2167
3431
3199
3173
3097
2399
3951
3533
2925
3267
2899
3691
4235
2437
4091
3619
2989
4019
2583
3685
2691
2925
3525
3445
3357
3243
4239
2707
4015
3789
3453
3985
3833
2857
2907
3669
2181
3399
3237
3361
2985
3827
2685
3047
4069
2623
3273
2877
3896
3693
3705
2883
2869
3231
3339
3095
3309
2869
3825
3423
4097
2391
3615
3593
3933
3177
3561
4009
3463
2859
3131
4106
3729
2867
3845
2269
2909
2829
2127
1176
1092
1650
1866
2114
1548
1050
366
852
1934
1810
900
978
1048
834
870
758
312
1446
1998
190
1124
778
788
562
416
1734
1058
558
1038
862
1344
1766
478
1902
1264
526
2026
480
1566
708
744
1272
1138
990
1038
1914
658
1864
1542
1326
1678
1540
376
456
1542
186
1350
1008
1120
754
1376
588
716
1998
358
906
402
2308
1284
1638
444
688
876
984
1094
1014
358
1512
990
1662
1422
1500
1520
1750
702
1086
1710
1378
528
812
2340
1194
716
1460
310
848
366
180
3204
3000
3504
3618
3932
3498
2994
2274
2760
3920
3808
2844
2922
3076
2730
2778
2708
2208
3504
3802
2086
3032
2686
2696
2650
2312
3714
2966
2466
2982
2806
3252
3746
2374
3820
3172
2422
4024
2424
3510
2604
2640
3300
3136
2898
2802
3888
2572
3808
3552
3270
3658
3430
2272
2364
3468
2082
3294
2952
3064
2734
3416
2532
2624
3856
2344
2814
2310
3736
3342
3582
2352
2584
2826
2892
3026
2946
2344
3588
3072
3726
3372
2184
3464
3676
2610
2994
3678
3310
2436
2720
4004
3258
2660
3374
2206
2792
2262
2076
3756
3564
3708
3942
4284
3792
3390
2718
2916
4066
4006
3252
3096
3532
2916
3276
3056
2388
3762
4114
2254
3620
3130
3122
3100
2492
4116
3464
2622
3390
2920
3840
4286
2446
4108
3760
2626
4154
2874
3888
2784
2838
3546
3436
3054
3324
4212
2800
4054
3780
3384
4030
3910
2488
2952
3822
2268
3600
3228
3196
3028
3818
2928
2780
4040
2656
2970
2808
4003
3714
3804
2832
2782
3402
3480
3188
3510
2476
3816
3348
4124
3612
2592
3636
3976
3108
3492
4030
3556
2592
3254
4364
3720
3068
3908
2278
3206
2466
2148
3939
3789
4143
4335
4107
4101
3513
2721
3207
4341
4189
3435
3375
3835
3219
3495
3185
2607
3885
3966
2485
3821
3133
3143
3355
2711
4239
3683
2913
3573
3397
4041
4409
2773
4327
3961
2929
3927
3015
4011
3003
3135
3681
3775
3345
3435
4395
3205
4207
3921
3825
4057
4045
2785
3153
4023
2571
3813
3645
3631
3463
4019
3033
3071
4405
2779
3261
3027
4102
3987
3933
2799
3079
3495
3681
3635
3615
2779
3969
3186
4185
4047
2775
3777
3965
3327
3711
4297
3793
2883
3455
4283
3885
3251
4013
2605
3383
2769
2475
2391
2307
2421
2763
2879
2487
2085
1455
1671
2521
2791
1971
1821
2203
1677
2013
1781
1143
2433
2659
1015
2339
1867
1607
1663
1247
2823
2201
1377
2109
1933
2559
2675
1213
2833
2479
1387
2843
1551
2583
1539
1593
2217
2119
1809
2019
2805
1513
2779
2469
2343
2755
2623
1243
1671
2541
1029
2307
1953
1909
1741
2513
1605
1535
2905
1411
1725
1545
3313
2397
2529
1551
1537
2097
2199
1913
2187
1237
2487
2019
2721
2337
1311
2361
2537
2671
2229
2575
2281
1347
1973
3311
2175
1787
2603
1045
1901
1227
915
3309
2883
3039
3723
3837
2991
2409
2031
2247
3677
3613
2547
2451
2707
2253
2589
2285
1719
3303
3643
1591
2915
2443
2183
2653
1823
3213
2777
1953
2685
2269
3135
3791
1789
3405
3055
1963
3863
2127
2877
2115
2169
3087
2989
2385
2301
3669
2017
3205
3351
2919
3529
3043
1819
2247
3117
1605
2727
2565
2539
2401
3419
1929
2111
3679
1987
2301
2121
3595
3267
3033
2127
2113
2601
2775
2405
2709
1813
3387
3009
3699
2841
1887
2865
2861
3133
2421
3583
2773
1923
2549
3899
3273
2363
3107
1621
2237
1803
1491
3630
3540
3864
4092
4260
3756
3234
2688
2904
4024
3952
3204
3252
3418
2910
3246
3104
2376
3864
3762
2248
3572
3100
2840
2998
2480
3948
3434
2610
3342
3094
3792
4148
2446
4048
3712
2620
3700
2784
3732
2772
2826
3648
3220
3042
3168
4260
2842
3916
3900
3576
3856
3754
2476
2904
3774
2262
3486
3384
3352
3184
3728
2754
2768
4114
2644
2958
2778
4090
3828
3654
2784
2770
3246
3432
3272
3336
2470
3918
3192
4134
3684
2544
3486
3686
3820
3078
3462
3406
2580
3206
4046
3642
3020
3764
2278
3062
2460
2148
3606
3354
3510
3834
4002
3594
3192
2550
2712
3688
3770
3084
2898
3364
2712
3108
2858
2178
3636
3862
2050
3230
2962
2936
2848
2282
3930
3296
2688
3066
2722
3654
3860
2320
3910
3574
2422
4040
2658
3690
2574
2628
3420
3268
3120
3126
4074
2602
3806
3654
3300
3712
3608
2278
2766
3402
2064
3402
3030
2998
2830
3608
2712
2576
3896
2470
3036
2640
3985
3588
3606
2646
2572
3204
3294
2990
3312
2272
3690
3204
3782
3414
2424
3438
3644
3778
2940
3324
3778
2388
3068
3929
3360
2900
3710
2152
3008
2262
1932
1764
1524
2082
2316
2600
1992
1482
798
1284
2510
2386
1332
1410
1636
1266
1302
1202
744
2052
2376
622
1556
1210
1220
1180
848
2292
1490
990
1470
1294
1776
2384
910
2460
1696
958
2632
912
1998
1140
1176
1878
1714
1422
1470
2532
1090
2296
2130
1758
2254
2098
808
888
1974
618
1782
1440
1552
1312
1964
1020
1148
2616
790
1338
834
2722
1896
2070
876
1120
1320
1416
1532
1452
790
2118
1614
2268
1866
672
1932
1952
2182
1134
1518
2328
1816
1244
2778
1800
1148
1892
742
1280
798
612
2226
1950
2508
2658
2948
2454
1908
1224
1710
2768
2602
1758
1836
2098
1692
1728
1664
1170
2370
2886
1048
1982
1636
1646
1624
1274
2538
1916
1416
1896
1720
2202
2828
1336
2734
2122
1384
2860
1338
2424
1566
1602
2196
2032
1848
1896
2886
1516
2722
2448
2184
2470
2452
1234
1314
2400
1044
2208
1866
1978
1756
2426
1446
1574
2856
1216
1764
1260
3160
2232
2496
1302
1546
1782
1842
1970
1890
1216
2436
1950
2748
2328
1098
2358
2378
2608
1560
1944
2694
2254
1386
3114
2118
1574
2318
1168
1706
1224
1038
4125
4011
4299
4065
4067
4245
3627
3147
3345
4435
4337
3681
3669
3901
3345
3705
3605
2817
4191
4183
2683
4049
3559
3551
3445
2921
4305
3893
3051
3819
3463
4269
4239
2875
4567
4189
3055
4107
3093
4107
3213
3267
4113
3721
3483
3561
4147
3361
4291
4213
3957
4395
4147
2917
3381
4251
2697
3849
3801
3787
3601
4343
3147
3209
4187
3085
3399
3237
4301
4155
4269
3261
3211
3777
3909
3809
3717
2905
4281
3228
4373
4173
3021
4101
4079
4177
3537
3921
4489
4135
3021
3683
4083
3497
4145
2707
3443
2895
2577
2382
2280
2724
2838
3122
2778
2274
1554
2040
3128
3004
2124
2202
2254
2010
2058
1988
1488
2658
2898
1366
2312
1966
1976
1816
1592
2922
2246
1746
2262
2086
2532
3020
1654
3120
2452
1702
3250
1704
2790
1884
1920
2484
2332
2178
2022
3066
1852
3088
2748
2550
2884
2758
1552
1644
2748
1362
2574
2232
2344
1954
2594
1812
1904
3048
1624
2094
1590
3622
2424
2862
1632
1864
2106
2172
2306
2226
1624
2724
2376
2874
2652
1464
2724
2744
2956
1890
2274
2874
2590
1716
2000
3294
1940
2654
1486
2072
1542
1356
2376
2238
2370
2748
2894
2436
2004
1170
1656
2886
2740
1884
1602
2002
1668
1944
1712
1056
2448
2844
934
2270
1582
1592
1594
1160
2772
2132
1362
2022
1846
2490
2942
1222
2764
2410
1378
2820
1464
2502
1452
1584
2118
1954
1794
1938
2970
1462
2728
2370
2274
2608
2554
1234
1602
2472
1020
2304
1902
1858
1690
2474
1524
1520
2824
1228
1710
1476
3196
2352
2460
1248
1528
1998
2130
1850
2106
1228
2406
2130
2814
2286
1224
2322
2456
2530
1776
2160
2722
2200
1332
1904
3080
2424
2504
1054
1832
1218
924
3246
2922
3480
3600
4025
3426
2880
2196
2682
3764
3598
2730
2808
3100
2664
2700
2636
2142
3420
3881
2020
2954
2608
2618
2566
2246
3534
2888
2388
2868
2692
3174
3914
2308
3736
3094
2356
3856
2310
3396
2538
2574
3090
2914
2820
2868
3942
2488
3694
3342
3156
3466
3454
2206
2286
3372
2016
3180
2838
2950
2776
3446
2418
2546
3852
2188
2736
2232
4357
3324
3468
2274
2518
2754
2814
2942
2862
2188
3378
3165
3750
3300
2070
3330
3350
3580
2532
2916
3694
3226
2358
2642
4127
3396
2546
2140
2678
2196
2010
1473
1197
1755
2307
2591
1845
1155
471
957
2219
2095
1005
1083
1723
939
975
1055
417
1761
2367
295
1229
883
893
889
521
2001
1163
663
1143
967
1449
2093
583
2169
1369
631
2341
585
1671
813
849
1587
1423
1095
1143
2241
763
1969
1839
1431
1963
1807
481
561
1647
291
1455
1113
1225
1021
1673
693
821
2325
463
1011
507
2593
1893
1743
549
793
1173
1089
1205
1125
463
1827
1611
1977
1719
345
1605
1625
1855
807
1191
2037
1489
633
917
2787
1509
821
1565
953
471
285
2268
2004
2562
3048
3038
2478
1962
1278
1764
3002
2878
1812
1890
2122
1746
1782
1688
1224
2766
3096
1102
2036
1690
1700
1906
1328
2796
1970
1470
1950
1774
2256
3110
1390
2964
2176
1438
3124
1392
2478
1620
1656
2592
2176
1902
1950
3258
1570
2776
2856
2238
2746
2602
1288
1368
2454
1098
2262
1920
2032
1816
2468
1500
1628
3120
1270
1818
1314
3346
2502
2550
1356
1600
1806
1896
2018
1938
1270
2832
1902
2760
2352
1152
2412
2432
2662
1614
1998
3054
2302
1440
1724
3576
2514
1628
2372
1222
1278
1092
1497
1623
1821
1929
2231
1845
1383
609
1095
2031
2083
1251
1329
1369
1041
1113
1055
519
1587
1989
397
1655
1021
1031
925
623
2001
1301
801
1389
1213
1875
2075
685
2187
1795
823
2129
831
1677
915
951
1575
1399
1233
1101
2157
919
1987
1827
1659
1981
1825
679
987
1857
393
1701
1359
1321
1033
1787
939
959
2059
673
1149
645
2617
1617
1989
687
895
1173
1515
1373
1293
673
1851
1485
2019
1719
591
1851
1871
2065
945
1329
1965
1657
771
1055
2385
1551
1067
1721
517
1199
387
1116
1002
1560
1836
2078
1554
960
276
762
1868
1744
810
888
1162
744
780
764
222
1380
1950
100
1034
688
698
502
326
1674
968
468
948
772
1254
1706
388
1842
1174
436
1960
390
1476
618
654
1206
1072
900
948
1854
568
1774
1482
1236
1612
1480
286
366
1452
96
1260
918
1030
694
1316
498
626
1938
268
816
312
2314
1236
1548
354
598
882
894
1094
1014
268
1446
942
1596
1428
150
1410
1430
1660
612
996
1650
1378
438
722
2304
1128
626
1370
220
758
276
